-1.89088961149641E+0000
-2.50053651836383E+0000
 2.93039169110160E+0000
 1.77543503561939E+0000
 2.36712530068114E+0000
-2.05214191696725E+0000
 3.27508925059780E+0000
-2.89750072125349E+0000
 1.33919557707251E+0000
 1.04967516404270E+0000
-2.21401755491091E+0000
-9.16324930845642E-0001
-5.08574044826713E-0001
 1.16074589424165E+0000
-1.51377830938375E+0000
 1.97344869885868E+0000
 7.43199078647158E-0001
 9.92205196944363E-0001
-8.96605597709608E-0001
-4.05367454680557E-0001
-1.79837124314417E+0000
 9.24915212197908E-0001
-1.96068094734106E+0000
 1.45030119617761E+0000
-2.19891785384901E+0000
-2.33228337567182E+0000
 1.99788873233298E+0000
 1.38658402450921E+0000
 2.16682383876178E+0000
-2.82095596510616E+0000
 2.49195407581659E+0000
-2.78766179100432E+0000
-3.60378267794166E+0000
-2.00039610250156E+0000
 3.06082227747378E+0000
 1.76467603713520E+0000
 3.11584089577031E+0000
-2.47237690464130E+0000
 3.26158364574183E+0000
-3.51543463904136E+0000
 1.06481220985565E+0000
 1.08269511875487E+0000
-5.16986033140558E-0001
-1.58467644301372E-0002
-9.47164146866302E-0001
 9.72258572958503E-0001
-1.38698495769058E+0000
 1.65003936898852E+0000
 1.23174578695474E+0000
 7.71246814701887E-0001
-1.07698924590550E+0000
-1.18638658339302E+0000
-1.35438772588846E+0000
 1.31013799075696E+0000
-6.30601377902319E-0001
 9.20295922478168E-0001
-1.77963355972894E+0000
-1.68647360580075E+0000
 2.60603542023831E+0000
 1.43800528594113E+0000
 2.75668043232020E+0000
-2.10575696378774E+0000
 3.12733526270136E+0000
-3.48544280864910E+0000
