-6.42849936368132E-0001
-1.75672153736356E+0000
 6.21904796049795E+0000
-1.18067201382009E-0001
-1.08640257633798E+0000
-3.89825979453816E+0000
-4.09831756281069E+0000
-2.97611715582995E+0000
 4.14544485416710E-0001
-1.03793463046651E+0001
-1.95344188870147E+0001
-9.97939601670994E-0001
-9.25074021352146E-0001
 1.25754808903440E+0001
 5.51067762394534E+0000
 6.06594706490598E+0000
 2.17607266843494E+0000
-1.10884572501413E+0001
-2.18319803945837E+0001
-4.33091060010910E+0000
-5.95154144101759E+0000
 9.57464934175668E+0000
 5.90044785017401E+0000
 1.04157409307168E+0001
-8.59873072085635E+0000
-3.84241480088543E+0001
-1.85162133406768E+0001
-1.16029177665905E+0001
 1.08177156175451E+0001
 2.66972845105048E+0001
-8.77275990447338E+0000
 3.89331755125932E+0000
-3.83218853083130E+0000
-1.42965085232268E+0000
-8.92873735691929E-0001
 6.33727629028546E+0000
 1.62501925733127E+0000
 4.33430580553067E-0002
 1.31250153953975E+0000
-1.22057856108242E+0000
-7.35077764199548E+0000
-3.56491710256745E+0000
-1.32340028640235E+0000
 7.43376417716385E+0000
 3.84604851493148E+0000
 2.29512269019504E+0000
 1.49559573183670E+0000
-2.09367179875324E+0000
 6.26596034889287E+0000
 8.00447027437736E+0000
-1.53619520606070E+0000
-6.25935432167943E+0000
-6.80423009037878E+0000
-1.48486884840242E+0001
-2.39459047507561E+0000
-3.18103269594594E+0000
-3.59947868511551E+0000
-3.48657244327526E-0001
-1.92899235880448E-0001
 4.33691868658120E+0000
 1.98872644611488E-0001
 4.42821861807216E-0002
-3.96915303961297E-0001
-2.64383141863379E-0002
