-2.32088124942500E+0000
-4.75609369693577E+0000
-6.86670960736667E+0000
 1.73738841249339E+0000
 6.85969104836834E+0000
 2.73742675824518E+0000
-6.70714085832966E+0000
 8.93085728490813E+0000
-2.10946780554098E+0000
-7.43007329619261E-0001
 2.32227973032962E-0001
 2.29874959788765E+0000
 3.87308537550743E-0001
 1.04647230192163E+0000
-4.82857868959461E-0001
 1.26215590991534E+0000
-3.85714491910983E-0001
 1.12882405539794E+0000
 1.71737691672849E+0000
-1.68858019050103E+0000
-4.05878723262404E+0000
-1.75027266659405E+0000
 2.54221574022617E+0000
-5.27754816910136E+0000
-9.63734767027776E-0001
-3.28007350238000E+0000
-5.16935782378060E+0000
 1.83975229284132E+0000
 6.13257593426537E+0000
 2.55649191773053E+0000
-5.99703347962192E+0000
 7.50299315268387E+0000
 9.88910104745825E-0002
 1.92574860040096E+0000
 2.17658202558732E+0000
-1.86384047498618E+0000
-4.28556373235229E+0000
-2.22101742556791E+0000
 3.54530446303741E+0000
-6.48921922452084E+0000
-2.17930534275008E+0000
-1.69991203772531E+0000
-2.62941015487947E+0000
 2.54829107184085E+0000
 4.03857634891322E+0000
 1.77545711594104E+0000
-4.46953969336469E+0000
 4.92122664890958E+0000
-9.10397036743239E-0001
-1.80497637770638E+0000
 2.69277649000113E-0001
 9.14482064018507E-0001
-7.35832446856399E-0001
 4.82548141217082E-0001
-4.36053581960057E-0001
-2.09840272104669E-0001
 5.64492284150635E-0001
 1.76505651214847E+0000
 1.73540228202610E+0000
-3.01555335395183E+0000
-5.22060630780296E+0000
-3.01550596481008E+0000
 3.11862286098397E+0000
-6.36567759210488E+0000
