 3.52902213980343E+0000
 8.67102584134673E-0001
-5.29073114635822E-0001
-4.16585893891717E+0000
 3.81054835781904E+0000
-9.78473334434836E-0001
-3.20234425146997E+0000
 1.83958638327643E+0000
-4.56425407951133E+0000
 5.90627685976427E+0000
 1.11690303843383E+0000
 9.71373433169084E+0000
-6.59271225909023E+0000
-1.61860995201530E+0000
 4.02252970048020E+0000
 5.68869534857843E-0002
 4.81063603467458E+0000
-6.74446700527139E+0000
 3.50605137376355E+0000
 4.51105129530861E-0001
-1.18974307936755E-0001
 4.28518252122415E+0000
-2.56114968767267E+0000
-1.15924205736659E-0001
 1.12153448467724E+0000
 1.38974710491349E+0000
 4.93997572425630E+0000
 3.56862023473930E-0001
-5.22895179564550E+0000
-1.40396672998723E+0000
 1.00596514560511E+0001
-6.32834276066693E+0000
 3.01862101135543E+0000
-4.79900219458441E+0000
-4.15561821420351E+0000
-1.04342526491332E+0000
-1.47296032642360E+0000
 2.97089171876189E+0000
-2.03077337252026E+0000
-1.39325452995968E-0001
-3.33771848416014E+0000
-2.45663152210016E-0001
 2.04307597628531E+0000
 4.50916230456841E+0000
-3.79038042229302E+0000
-3.92679301608870E+0000
-8.12629854135258E-0001
 4.34325248014346E+0000
