 9.57355274395809E-0001
-1.92769367155292E+0001
 2.51536528410405E+0001
-4.73444038013659E+0000
 1.58907789935731E+0000
 1.03489232240518E+0000
 1.08330263832898E+0000
 1.93395075847207E+0000
 3.82087741182720E-0001
 2.74629202278849E-0001
-7.19376912374352E+0000
-3.46364916468057E-0001
-1.15378468526643E+0000
 1.49458360683519E+0000
 1.18158991571204E+0000
 1.53645981057755E+0000
-9.04620409194238E-0001
-1.50252457178568E+0001
 1.58427370913691E+0001
-3.60772204057782E+0000
 1.36609010390582E+0000
-4.52772783737091E-0001
 3.28498559060766E-0002
 1.80611821029364E+0000
 1.32331786036787E+0000
-2.46211827086728E+0000
-1.39716542915536E+0001
-9.03804380013697E-0001
-1.67705496722374E+0000
 1.92901594374911E+0000
 4.07734539429620E-0001
 6.46399278644016E-0001
 2.62527412449007E+0000
-6.65253481181998E+0000
-4.70983866478007E+0000
-4.80424828315194E+0000
-3.39758969888950E-0001
-1.93264786954515E+0000
 3.07258059818548E-0001
-3.14253407850294E+0000
-6.67640074110878E-0001
-5.16906284053821E+0000
 6.57430423065879E+0000
-8.32300382063374E-0001
-5.06739493585472E-0001
-7.21924915355507E-0001
-7.41584383738363E-0001
 4.45329968234481E-0002
-4.77128376491884E-0001
 1.51231363129043E+0000
-2.27460111093209E+0000
-2.13790301462970E+0000
-2.31756035664861E+0000
 4.09214916303629E-0001
 7.06519662664901E-0001
 5.13147649786446E-0001
-3.07998366901644E-0001
-3.61567140349583E+0000
 4.05956670976699E+0000
-1.32200535911392E+0000
-2.98907810518490E-0001
 6.68422718095095E-0001
 2.50300232505591E-0002
-4.19149174633872E-0001
