 2.96717139974276E+0000
 1.71812821750591E+0000
 2.24922295800046E+0000
 7.58766924144838E-0001
-2.44124862380046E+0000
-2.67254807711670E+0000
-2.06092515147021E+0000
-2.31254069726044E+0000
 1.86046500538384E+0000
 2.45502143470872E+0000
 1.75196009410221E+0000
 1.73433858373463E+0000
-1.34215766249781E+0000
-1.68237301379687E+0000
-1.00806137168611E+0000
-1.95974504533340E+0000
 1.81191487717559E+0000
 1.75917289826403E+0000
 2.61987032842757E+0000
 1.68561820719841E+0000
-3.10545091381055E+0000
-2.84999965916639E+0000
-1.35442363421304E+0000
-2.28816036740284E+0000
-1.86632191739323E+0000
-1.69260579155885E+0000
-1.56188531097512E+0000
-1.32908401810052E+0000
 1.80526008487550E+0000
 2.24964743210675E+0000
 1.13657198082193E+0000
 1.64775441380287E+0000
-2.18536019292121E+0000
-1.76856608999091E+0000
-2.48845054256545E+0000
-1.36339888681392E+0000
 1.63756893171756E+0000
 1.54642939869627E+0000
 1.59002218858046E+0000
 1.97708597442473E+0000
 2.96565177193194E+0000
 1.89729435382008E+0000
 2.68374613567356E+0000
 1.88811921317296E+0000
-3.50925463535078E+0000
-1.78227201856857E+0000
-2.40911342035527E+0000
-2.98539911474585E+0000
 2.07804068364810E+0000
 2.09108456966323E+0000
 2.25677594232685E+0000
 2.05124237082199E+0000
-8.81767383376257E-0001
-2.22996404383426E+0000
-1.99703216861789E+0000
-1.71866536652583E+0000
-1.78746042177947E+0000
-1.49847343334335E+0000
-1.72800220745068E+0000
-1.36667466727241E+0000
 2.18771305844741E+0000
 1.80446900883101E+0000
 1.67701860768929E+0000
 1.99906798937430E+0000
