68
 0.00000000000000E+0000  0.00000000000000E+0000  0.00000000000000E+0000
 5.00000000000000E-0003  1.80000000000000E-0002  0.00000000000000E+0000
 5.00000000000000E-0003  2.70000000000000E-0002  2.00000000000000E-0001
 1.01100000000000E+0000  1.80000000000000E-0002  4.00000000000000E-0001
 1.66000000000000E+0000  3.45000000000000E-0001  6.00000000000000E-0001
 1.86500000000000E+0000  4.13000000000000E-0001  6.00000000000000E-0001
 1.66500000000000E+0000  5.69000000000000E-0001  6.00000000000000E-0001
 7.67000000000000E-0001  8.87000000000000E-0001  6.00000000000000E-0001
 5.00000000000000E-0003  1.17000000000000E+0000  8.00000000000000E-0001
 5.00000000000000E-0003  1.36500000000000E+0000  8.00000000000000E-0001
 0.00000000000000E+0000  1.41900000000000E+0000  8.00000000000000E-0001
 5.00000000000000E-0003  1.68300000000000E+0000  8.00000000000000E-0001
 5.00000000000000E-0003  1.66300000000000E+0000  8.00000000000000E-0001
 5.00000000000000E-0003  1.77100000000000E+0000  8.00000000000000E-0001
 5.00000000000000E-0003  1.65800000000000E+0000  8.00000000000000E-0001
 5.00000000000000E-0003  3.99000000000000E-0001  8.00000000000000E-0001
 0.00000000000000E+0000  4.20000000000000E-0002  1.00000000000000E-0001
 5.00000000000000E-0003  1.80000000000000E-0002  0.00000000000000E+0000
 5.00000000000000E-0003  1.80000000000000E-0002  0.00000000000000E+0000
 5.00000000000000E-0003  1.80000000000000E-0002  0.00000000000000E+0000
 5.00000000000000E-0003  1.80000000000000E-0002  0.00000000000000E+0000
 5.00000000000000E-0003  1.80000000000000E-0002  0.00000000000000E+0000
 5.00000000000000E-0003  2.30000000000000E-0002  0.00000000000000E+0000
 5.00000000000000E-0003  1.80000000000000E-0002  0.00000000000000E+0000
 5.00000000000000E-0003  1.30000000000000E-0002  0.00000000000000E+0000
 5.00000000000000E-0003  2.30000000000000E-0002  2.00000000000000E-0001
 1.41600000000000E+0000  1.80000000000000E-0002  4.00000000000000E-0001
 1.39200000000000E+0000  2.03000000000000E-0001  6.00000000000000E-0001
 1.87000000000000E+0000  3.74000000000000E-0001  6.00000000000000E-0001
 1.94800000000000E+0000  3.94000000000000E-0001  6.00000000000000E-0001
 1.57700000000000E+0000  3.84000000000000E-0001  6.00000000000000E-0001
 7.08000000000000E-0001  3.94000000000000E-0001  6.00000000000000E-0001
 2.30000000000000E-0001  5.50000000000000E-0001  6.00000000000000E-0001
 0.00000000000000E+0000  7.60000000000000E-0001  8.00000000000000E-0001
 0.00000000000000E+0000  1.10200000000000E+0000  8.00000000000000E-0001
 5.00000000000000E-0003  1.25800000000000E+0000  8.00000000000000E-0001
 5.00000000000000E-0003  1.48200000000000E+0000  8.00000000000000E-0001
 5.00000000000000E-0003  1.51200000000000E+0000  8.00000000000000E-0001
 5.00000000000000E-0003  8.53000000000000E-0001  8.00000000000000E-0001
 5.00000000000000E-0003  9.60000000000000E-0002  8.00000000000000E-0001
 5.00000000000000E-0003  2.30000000000000E-0002  1.00000000000000E-0001
 5.00000000000000E-0003  1.80000000000000E-0002  0.00000000000000E+0000
 5.00000000000000E-0003  1.80000000000000E-0002  0.00000000000000E+0000
 5.00000000000000E-0003  1.80000000000000E-0002  0.00000000000000E+0000
 5.00000000000000E-0003  1.80000000000000E-0002  0.00000000000000E+0000
 5.00000000000000E-0003  2.30000000000000E-0002  0.00000000000000E+0000
 5.00000000000000E-0003  2.30000000000000E-0002  0.00000000000000E+0000
 5.00000000000000E-0003  1.30000000000000E-0002  0.00000000000000E+0000
 0.00000000000000E+0000  2.30000000000000E-0002  2.00000000000000E-0001
 1.85600000000000E+0000  2.30000000000000E-0002  2.00000000000000E-0001
 1.37700000000000E+0000  2.70000000000000E-0002  4.00000000000000E-0001
 1.76300000000000E+0000  3.59000000000000E-0001  6.00000000000000E-0001
 1.84600000000000E+0000  4.28000000000000E-0001  6.00000000000000E-0001
 1.42100000000000E+0000  5.69000000000000E-0001  6.00000000000000E-0001
 4.54000000000000E-0001  7.99000000000000E-0001  6.00000000000000E-0001
 0.00000000000000E+0000  1.11600000000000E+0000  8.00000000000000E-0001
 5.00000000000000E-0003  1.40400000000000E+0000  8.00000000000000E-0001
 5.00000000000000E-0003  1.69700000000000E+0000  8.00000000000000E-0001
 5.00000000000000E-0003  1.63900000000000E+0000  8.00000000000000E-0001
 5.00000000000000E-0003  1.58500000000000E+0000  8.00000000000000E-0001
 5.00000000000000E-0003  1.78000000000000E+0000  8.00000000000000E-0001
 5.00000000000000E-0003  1.91200000000000E+0000  8.00000000000000E-0001
 5.00000000000000E-0003  2.32000000000000E-0001  8.00000000000000E-0001
 5.00000000000000E-0003  1.80000000000000E-0002  1.00000000000000E-0001
 5.00000000000000E-0003  1.80000000000000E-0002  0.00000000000000E+0000
 5.00000000000000E-0003  1.80000000000000E-0002  0.00000000000000E+0000
 5.00000000000000E-0003  1.80000000000000E-0002  0.00000000000000E+0000
 0.00000000000000E+0000  1.80000000000000E-0002  0.00000000000000E+0000
