 3.80097106456870E+0000
 1.72167890369484E+0000
-4.48711724259667E+0000
-5.10791613018670E+0000
-5.08714233426045E+0000
-4.97761850781744E+0000
-6.12829436041132E+0000
 2.64274709477090E+0000
 3.45527887924842E+0000
 1.90049804024377E+0000
-5.38719111829077E+0000
-4.40678082818927E+0000
-5.41327867337303E+0000
-5.40493201157757E+0000
-6.51280244197581E+0000
 2.64294170555994E+0000
-1.40852826013081E+0000
-7.96381458616412E-0002
 4.80720596768483E-0001
-4.87183555675930E-0001
-2.17610306698950E-0001
 2.51783193173680E-0001
 1.62057084350057E+0000
-5.58507733872027E-0001
 5.54703975350339E-0001
 1.23251985568313E+0000
-4.63260694882351E+0000
-3.61924187889387E+0000
-4.04747315427970E+0000
-4.16078084053749E+0000
-3.61269466741378E+0000
 1.03547990527980E+0000
-6.50650589608290E+0000
-1.58657370275311E+0000
 1.27379409104305E+0000
 2.89440590175763E-0001
 1.38044465965678E+0000
 7.23973919220450E-0001
 2.88648859574376E+0000
-2.44040494254897E+0000
-1.60801620917353E+0000
 7.52487520349602E-0001
-4.06162850148171E-0001
-3.19627738194313E-0002
 7.74918515493198E-0001
 2.53578173757712E-0001
 1.02081208730707E+0000
 2.99097413915764E-0001
-8.46211356044018E-0001
-1.09644736016341E+0000
 3.84835974165513E-0001
 4.79005826808163E-0001
 5.12340914727232E-0002
-6.49328408533592E-0002
 5.48390951555655E-0001
-6.71071537408100E-0001
 9.93889369176952E-0001
 7.59471020018479E-0001
-3.73176486212229E+0000
-4.32201652000377E+0000
-3.72106639653484E+0000
-3.73420031434088E+0000
-3.22804534652114E+0000
 1.13630912284057E+0000
