25
 0.00000000000000E+0000  0.00000000000000E+0000  0.00000000000000E+0000  1.00000000000000E+0000  0.00000000000000E+0000  0.00000000000000E+0000  0.00000000000000E+0000  0.00000000000000E+0000
 2.30000000000000E-0001  1.80000000000000E-0002  0.00000000000000E+0000  0.00000000000000E+0000  1.00000000000000E+0000  0.00000000000000E+0000  0.00000000000000E+0000  0.00000000000000E+0000
 4.88000000000000E-0001  1.59000000000000E-0001  0.00000000000000E+0000  0.00000000000000E+0000  0.00000000000000E+0000  1.00000000000000E+0000  0.00000000000000E+0000  0.00000000000000E+0000
 8.69000000000000E-0001  2.37000000000000E-0001  0.00000000000000E+0000  0.00000000000000E+0000  0.00000000000000E+0000  1.00000000000000E+0000  0.00000000000000E+0000  0.00000000000000E+0000
 1.05000000000000E+0000  3.11000000000000E-0001  0.00000000000000E+0000  0.00000000000000E+0000  0.00000000000000E+0000  1.00000000000000E+0000  0.00000000000000E+0000  0.00000000000000E+0000
 1.13800000000000E+0000  3.94000000000000E-0001  0.00000000000000E+0000  0.00000000000000E+0000  0.00000000000000E+0000  1.00000000000000E+0000  0.00000000000000E+0000  0.00000000000000E+0000
 1.02600000000000E+0000  2.81000000000000E-0001  0.00000000000000E+0000  0.00000000000000E+0000  0.00000000000000E+0000  1.00000000000000E+0000  0.00000000000000E+0000  0.00000000000000E+0000
 8.25000000000000E-0001  3.35000000000000E-0001  0.00000000000000E+0000  0.00000000000000E+0000  0.00000000000000E+0000  1.00000000000000E+0000  0.00000000000000E+0000  0.00000000000000E+0000
 4.30000000000000E-0001  5.16000000000000E-0001  0.00000000000000E+0000  0.00000000000000E+0000  0.00000000000000E+0000  1.00000000000000E+0000  0.00000000000000E+0000  0.00000000000000E+0000
 5.00000000000000E-0003  6.67000000000000E-0001  0.00000000000000E+0000  0.00000000000000E+0000  0.00000000000000E+0000  0.00000000000000E+0000  1.00000000000000E+0000  0.00000000000000E+0000
 0.00000000000000E+0000  7.89000000000000E-0001  0.00000000000000E+0000  0.00000000000000E+0000  0.00000000000000E+0000  0.00000000000000E+0000  1.00000000000000E+0000  0.00000000000000E+0000
 5.00000000000000E-0003  9.55000000000000E-0001  0.00000000000000E+0000  0.00000000000000E+0000  0.00000000000000E+0000  0.00000000000000E+0000  1.00000000000000E+0000  0.00000000000000E+0000
 5.00000000000000E-0003  1.09200000000000E+0000  0.00000000000000E+0000  0.00000000000000E+0000  0.00000000000000E+0000  0.00000000000000E+0000  1.00000000000000E+0000  0.00000000000000E+0000
 5.00000000000000E-0003  1.21400000000000E+0000  0.00000000000000E+0000  0.00000000000000E+0000  0.00000000000000E+0000  0.00000000000000E+0000  1.00000000000000E+0000  0.00000000000000E+0000
 5.00000000000000E-0003  1.05300000000000E+0000  0.00000000000000E+0000  0.00000000000000E+0000  0.00000000000000E+0000  0.00000000000000E+0000  1.00000000000000E+0000  0.00000000000000E+0000
 0.00000000000000E+0000  2.28000000000000E-0001  0.00000000000000E+0000  0.00000000000000E+0000  0.00000000000000E+0000  0.00000000000000E+0000  1.00000000000000E+0000  0.00000000000000E+0000
 5.00000000000000E-0003  4.70000000000000E-0002  0.00000000000000E+0000  0.00000000000000E+0000  0.00000000000000E+0000  0.00000000000000E+0000  0.00000000000000E+0000  1.00000000000000E+0000
 5.00000000000000E-0003  1.80000000000000E-0002  1.00000000000000E+0000  0.00000000000000E+0000  0.00000000000000E+0000  0.00000000000000E+0000  0.00000000000000E+0000  0.00000000000000E+0000
 5.00000000000000E-0003  1.80000000000000E-0002  1.00000000000000E+0000  0.00000000000000E+0000  0.00000000000000E+0000  0.00000000000000E+0000  0.00000000000000E+0000  0.00000000000000E+0000
 5.00000000000000E-0003  1.80000000000000E-0002  1.00000000000000E+0000  0.00000000000000E+0000  0.00000000000000E+0000  0.00000000000000E+0000  0.00000000000000E+0000  0.00000000000000E+0000
 5.00000000000000E-0003  1.80000000000000E-0002  1.00000000000000E+0000  0.00000000000000E+0000  0.00000000000000E+0000  0.00000000000000E+0000  0.00000000000000E+0000  0.00000000000000E+0000
 5.00000000000000E-0003  1.80000000000000E-0002  1.00000000000000E+0000  0.00000000000000E+0000  0.00000000000000E+0000  0.00000000000000E+0000  0.00000000000000E+0000  0.00000000000000E+0000
 5.00000000000000E-0003  1.80000000000000E-0002  1.00000000000000E+0000  0.00000000000000E+0000  0.00000000000000E+0000  0.00000000000000E+0000  0.00000000000000E+0000  0.00000000000000E+0000
 0.00000000000000E+0000  1.80000000000000E-0002  1.00000000000000E+0000  0.00000000000000E+0000  0.00000000000000E+0000  0.00000000000000E+0000  0.00000000000000E+0000  0.00000000000000E+0000
 0.00000000000000E+0000  1.30000000000000E-0002  1.00000000000000E+0000  0.00000000000000E+0000  0.00000000000000E+0000  0.00000000000000E+0000  0.00000000000000E+0000  0.00000000000000E+0000
